## Delete all Glyphs from TBC skill levels

UPDATE character_glyphs SET glyph1 = 0 WHERE glyph1 IN (161,184,195,216,231,256,272,290,313,326,330,360,365,392,400,488,505,509,613,651,791,871);
UPDATE character_glyphs SET glyph2 = 0 WHERE glyph2 IN (161,184,195,216,231,256,272,290,313,326,330,360,365,392,400,488,505,509,613,651,791,871);
UPDATE character_glyphs SET glyph3 = 0 WHERE glyph3 IN (161,184,195,216,231,256,272,290,313,326,330,360,365,392,400,488,505,509,613,651,791,871);
UPDATE character_glyphs SET glyph4 = 0 WHERE glyph4 IN (161,184,195,216,231,256,272,290,313,326,330,360,365,392,400,488,505,509,613,651,791,871);
UPDATE character_glyphs SET glyph5 = 0 WHERE glyph5 IN (161,184,195,216,231,256,272,290,313,326,330,360,365,392,400,488,505,509,613,651,791,871);
UPDATE character_glyphs SET glyph6 = 0 WHERE glyph6 IN (161,184,195,216,231,256,272,290,313,326,330,360,365,392,400,488,505,509,613,651,791,871);

DELETE FROM item_instance WHERE itemEntry IN (58104, 62126, 44922, 40896, 41094, 42906, 42911, 44955, 50045, 42736, 42749, 42753, 41105, 42401, 45908, 42955, 42963, 41527, 41542, 42453, 42471, 43432, 43428);



## Delete all Glyphs from Wotlk skill levels

UPDATE character_glyphs SET glyph1 = 0 WHERE glyph1 IN (163,164,167,168,169,171,174,177,178,187,191,192,197,199,200,212,213,214,215,217,223,227,228,230,251,258,259,260,261,262,264,267,268,271,273,275,276,278,279,282,283,288,291,316,317,319,322,325,328,329,331,353,355,356,363,367,368,369,370,371,391,394,395,396,402,404,405,406,408,463,482,490,493,497,489,502,503,506,508,559,560,561,591,611,613,612,631,671,672,673,674,676,677,691,692,693,694,695,696,697,698,699,700,701,702,703,704,705,706,707,708,709,710,711,712,714,715,716,731,732,734,735,736,737,753,754,755,756,757,758,759,760,761,762,763,764,765,766,767,811,851,911,891);
UPDATE character_glyphs SET glyph2 = 0 WHERE glyph2 IN (163,164,167,168,169,171,174,177,178,187,191,192,197,199,200,212,213,214,215,217,223,227,228,230,251,258,259,260,261,262,264,267,268,271,273,275,276,278,279,282,283,288,291,316,317,319,322,325,328,329,331,353,355,356,363,367,368,369,370,371,391,394,395,396,402,404,405,406,408,463,482,490,493,497,489,502,503,506,508,559,560,561,591,611,613,612,631,671,672,673,674,676,677,691,692,693,694,695,696,697,698,699,700,701,702,703,704,705,706,707,708,709,710,711,712,714,715,716,731,732,734,735,736,737,753,754,755,756,757,758,759,760,761,762,763,764,765,766,767,811,851,911,891);
UPDATE character_glyphs SET glyph3 = 0 WHERE glyph3 IN (163,164,167,168,169,171,174,177,178,187,191,192,197,199,200,212,213,214,215,217,223,227,228,230,251,258,259,260,261,262,264,267,268,271,273,275,276,278,279,282,283,288,291,316,317,319,322,325,328,329,331,353,355,356,363,367,368,369,370,371,391,394,395,396,402,404,405,406,408,463,482,490,493,497,489,502,503,506,508,559,560,561,591,611,613,612,631,671,672,673,674,676,677,691,692,693,694,695,696,697,698,699,700,701,702,703,704,705,706,707,708,709,710,711,712,714,715,716,731,732,734,735,736,737,753,754,755,756,757,758,759,760,761,762,763,764,765,766,767,811,851,911,891);
UPDATE character_glyphs SET glyph4 = 0 WHERE glyph4 IN (163,164,167,168,169,171,174,177,178,187,191,192,197,199,200,212,213,214,215,217,223,227,228,230,251,258,259,260,261,262,264,267,268,271,273,275,276,278,279,282,283,288,291,316,317,319,322,325,328,329,331,353,355,356,363,367,368,369,370,371,391,394,395,396,402,404,405,406,408,463,482,490,493,497,489,502,503,506,508,559,560,561,591,611,613,612,631,671,672,673,674,676,677,691,692,693,694,695,696,697,698,699,700,701,702,703,704,705,706,707,708,709,710,711,712,714,715,716,731,732,734,735,736,737,753,754,755,756,757,758,759,760,761,762,763,764,765,766,767,811,851,911,891);
UPDATE character_glyphs SET glyph5 = 0 WHERE glyph5 IN (163,164,167,168,169,171,174,177,178,187,191,192,197,199,200,212,213,214,215,217,223,227,228,230,251,258,259,260,261,262,264,267,268,271,273,275,276,278,279,282,283,288,291,316,317,319,322,325,328,329,331,353,355,356,363,367,368,369,370,371,391,394,395,396,402,404,405,406,408,463,482,490,493,497,489,502,503,506,508,559,560,561,591,611,613,612,631,671,672,673,674,676,677,691,692,693,694,695,696,697,698,699,700,701,702,703,704,705,706,707,708,709,710,711,712,714,715,716,731,732,734,735,736,737,753,754,755,756,757,758,759,760,761,762,763,764,765,766,767,811,851,911,891);
UPDATE character_glyphs SET glyph6 = 0 WHERE glyph6 IN (163,164,167,168,169,171,174,177,178,187,191,192,197,199,200,212,213,214,215,217,223,227,228,230,251,258,259,260,261,262,264,267,268,271,273,275,276,278,279,282,283,288,291,316,317,319,322,325,328,329,331,353,355,356,363,367,368,369,370,371,391,394,395,396,402,404,405,406,408,463,482,490,493,497,489,502,503,506,508,559,560,561,591,611,613,612,631,671,672,673,674,676,677,691,692,693,694,695,696,697,698,699,700,701,702,703,704,705,706,707,708,709,710,711,712,714,715,716,731,732,734,735,736,737,753,754,755,756,757,758,759,760,761,762,763,764,765,766,767,811,851,911,891);

DELETE FROM item_instance WHERE itemEntry IN (41534, 41526, 40921, 40900, 44928, 40906, 50125, 42739, 42742, 42740, 43429, 40920, 40915, 40908, 45601, 45602, 45603, 45604, 45623, 40903, 46372, 40912, 40899, 42913, 42914, 42902, 42915, 42916, 42917, 45625, 45731, 45732, 45733, 45734, 45735, 42899, 42901, 42909, 42752, 44684, 42745, 42751, 42754, 42748, 45736, 45737, 45738, 45739, 45740, 41107, 41101, 43867, 43868, 43869, 41097, 45741, 45742, 45743, 45744, 45745, 45747, 41109, 41110, 41102, 42404, 42414, 42396, 42403, 45753, 45755, 45756, 45757, 45758, 42405, 42409, 42417, 42407, 42412, 42406, 42971, 42959, 42954, 45761, 45762, 45764, 45766, 45767, 45769, 42957, 42967, 42968, 42958, 42965, 42969, 41529, 41524, 41552, 41517, 41538, 41539, 45770, 45771, 45772, 45777, 45778, 41518, 42459, 42472, 42457, 42454, 42463, 45779, 45780, 45781, 45782, 45783, 45785, 45789, 42460, 42469, 50077, 42456, 43419, 43415, 45790, 45792, 45793, 45794, 45795, 45797, 43412, 43421, 43425, 43426, 43431, 58228, 58094, 62135, 62132, 68164);
